name: "Front_Left_Lidar"
  x: 7.99047
  y: 1.22366
  z: 1.02904
  roll: 0.0102857
  pitch: 0.0115136
  yaw: 0.557856