name: "Rear_Right_Lidar"
  x: -7.59846
  y: -1.16362
  z: 1.14439
  roll: 0.0014323
  pitch: -0.0241842
  yaw: -2.55803