name: "Front_Right_Lidar"
  x: 7.89485
  y: -1.47341
  z: 1.00486
  roll: 0.00534445
  pitch: 0.0166276
  yaw: -0.693905