name: "Rear_Left_Lidar"
  x: -7.51045
  y: 1.40167
  z: 1.08113
  roll: -0.0083858
  pitch: -0.016223
  yaw: 2.4914