name: "Front_Left_Lidar"
  x: 7.71368
  y: 1.40666
  z: 1.02053
  roll: -0.0145356
  pitch: 0.013394
  yaw: 0.648654