name: "Rear_Right_Lidar"
  x: -7.71368
  y: -1.40666
  z: 1.02716
  roll: 0.00501255
  pitch: -0.0581425
  yaw: 3.762366