name: "Left_Lidar"
  x: -0.025
  y: 1.25
  z: 1.19638
  roll: 0.0096987
  pitch: -0.00830797
  yaw: 0.75465