name: "Right_Lidar"
  x: 0.025
  y: -1.25
  z: 1.15115
  roll: -0.019302
  pitch: 0.0290644
  yaw: -0.67403